name: check
channels:
  - conda-forge
  - defaults
dependencies:
  - ca-certificates=2022.12.7=h5b45459_0
  - cycler=0.11.0=pyhd8ed1ab_0
  - freetype=2.12.1=h546665d_1
  - icu=69.1=h0e60522_0
  - intel-openmp=2023.0.0=h57928b3_25922
  - joblib=1.2.0=pyhd8ed1ab_0
  - jpeg=9e=hcfcfb64_3
  - kiwisolver=1.3.1=py36he95197e_1
  - libblas=3.9.0=16_win64_mkl
  - libcblas=3.9.0=16_win64_mkl
  - libclang=13.0.1=default_h66ee7f4_1
  - libhwloc=2.9.0=h51c2c0f_0
  - libiconv=1.17=h8ffe710_0
  - liblapack=3.9.0=16_win64_mkl
  - libpng=1.6.39=h19919ed_0
  - libsqlite=3.40.0=hcfcfb64_0
  - libxml2=2.10.3=hc3477c8_3
  - libzlib=1.2.13=hcfcfb64_4
  - m2w64-gcc-libgfortran=5.3.0=6
  - m2w64-gcc-libs=5.3.0=7
  - m2w64-gcc-libs-core=5.3.0=7
  - m2w64-gmp=6.1.0=2
  - m2w64-libwinpthread-git=5.0.0.4634.697f757=2
  - matplotlib=3.1.1=py36_2
  - matplotlib-base=3.1.1=py36h2981e6d_2
  - mkl=2022.1.0=h6a75c08_874
  - msys2-conda-epoch=20160418=1
  - numpy=1.19.4=py36hd1b969e_1
  - openssl=1.1.1t=hcfcfb64_0
  - pandas=0.25.1=py36he350917_0
  - pip=21.3.1=pyhd8ed1ab_0
  - pthreads-win32=2.9.1=hfa6e2cd_3
  - pyparsing=3.0.9=pyhd8ed1ab_0
  - pyqt=5.12.3=py36ha15d459_7
  - pyqt-impl=5.12.3=py36he2d232f_7
  - pyqt5-sip=4.19.18=py36he2d232f_7
  - pyqtchart=5.12=py36he2d232f_7
  - pyqtwebengine=5.12.1=py36he2d232f_7
  - python=3.6.15=h39d44d4_0_cpython
  - python-dateutil=2.8.2=pyhd8ed1ab_0
  - python_abi=3.6=2_cp36m
  - pytz=2022.7.1=pyhd8ed1ab_0
  - qt=5.12.9=h556501e_6
  - scikit-learn=0.21.3=py36h7208079_0
  - scipy=1.5.3=py36h27d303f_1
  - setuptools=58.0.4=py36ha15d459_2
  - six=1.16.0=pyh6c4a22f_0
  - sqlite=3.40.0=hcfcfb64_0
  - tbb=2021.8.0=h91493d7_0
  - tornado=6.1=py36h68aa20f_1
  - ucrt=10.0.22621.0=h57928b3_0
  - vc=14.3=hb6edc58_10
  - vs2015_runtime=14.34.31931=h4c5c07a_10
  - wheel=0.37.1=pyhd8ed1ab_0
  - zlib=1.2.13=hcfcfb64_4
  - pip:
    - argparse==1.4.0
    - bcrypt==4.0.1
    - cffi==1.15.1
    - cryptography==39.0.2
    - et-xmlfile==1.1.0
    - openpyxl==3.1.2
    - paramiko==3.1.0
    - pycparser==2.21
    - pynacl==1.5.0
    - pyyaml==6.0
    - retrying==1.3.4
prefix: C:\Users\soche\.conda\envs\check
